32
render0.png 888.88892 0.00000 320.00000 0.00000 888.88892 240.00000 0.00000 0.00000 1.00000 0.00000 -1.00000 0.00000 0.00000 -0.00000 1.00000 1.00000 0.00000 -0.00000 -0.00000 0.00000 -10.00000 
render1.png 888.88892 0.00000 320.00000 0.00000 888.88892 240.00000 0.00000 0.00000 1.00000 0.19509 -0.98079 0.00000 0.00000 0.00000 1.00000 0.98079 0.19509 -0.00000 -0.00000 -0.00000 -10.00000 
render2.png 888.88892 0.00000 320.00000 0.00000 888.88892 240.00000 0.00000 0.00000 1.00000 0.38268 -0.92388 -0.00000 0.00000 -0.00000 1.00000 0.92388 0.38268 -0.00000 -0.00000 -0.00000 -10.00000 
render3.png 888.88892 0.00000 320.00000 0.00000 888.88892 240.00000 0.00000 0.00000 1.00000 0.55557 -0.83147 0.00000 -0.00000 0.00000 1.00000 0.83147 0.55557 -0.00000 0.00000 0.00000 -10.00000 
render4.png 888.88892 0.00000 320.00000 0.00000 888.88892 240.00000 0.00000 0.00000 1.00000 0.70711 -0.70711 0.00000 -0.00000 -0.00000 1.00000 0.70711 0.70711 -0.00000 0.00000 0.00000 -10.00000 
render5.png 888.88892 0.00000 320.00000 0.00000 888.88892 240.00000 0.00000 0.00000 1.00000 0.83147 -0.55557 -0.00000 0.00000 0.00000 1.00000 0.55557 0.83147 -0.00000 -0.00000 -0.00000 -10.00000 
render6.png 888.88892 0.00000 320.00000 0.00000 888.88892 240.00000 0.00000 0.00000 1.00000 0.92388 -0.38268 0.00000 -0.00000 -0.00000 1.00000 0.38268 0.92388 0.00000 0.00000 0.00000 -10.00000 
render7.png 888.88892 0.00000 320.00000 0.00000 888.88892 240.00000 0.00000 0.00000 1.00000 0.98079 -0.19509 -0.00000 -0.00000 -0.00000 1.00000 0.19509 0.98079 0.00000 -0.00000 0.00000 -10.00000 
render8.png 888.88892 0.00000 320.00000 0.00000 888.88892 240.00000 0.00000 0.00000 1.00000 1.00000 -0.00000 0.00000 -0.00000 0.00000 1.00000 0.00000 1.00000 -0.00000 0.00000 -0.00000 -10.00000 
render9.png 888.88892 0.00000 320.00000 0.00000 888.88892 240.00000 0.00000 0.00000 1.00000 0.98079 0.19509 0.00000 0.00000 -0.00000 1.00000 -0.19509 0.98079 0.00000 0.00000 0.00000 -10.00000 
render10.png 888.88892 0.00000 320.00000 0.00000 888.88892 240.00000 0.00000 0.00000 1.00000 0.92388 0.38268 -0.00000 0.00000 -0.00000 1.00000 -0.38268 0.92388 0.00000 -0.00000 0.00000 -10.00000 
render11.png 888.88892 0.00000 320.00000 0.00000 888.88892 240.00000 0.00000 0.00000 1.00000 0.83147 0.55557 0.00000 -0.00000 0.00000 1.00000 -0.55557 0.83147 -0.00000 0.00000 -0.00000 -10.00000 
render12.png 888.88892 0.00000 320.00000 0.00000 888.88892 240.00000 0.00000 0.00000 1.00000 0.70711 0.70711 -0.00000 0.00000 -0.00000 1.00000 -0.70711 0.70711 -0.00000 0.00000 0.00000 -10.00000 
render13.png 888.88892 0.00000 320.00000 0.00000 888.88892 240.00000 0.00000 0.00000 1.00000 0.55557 0.83147 -0.00000 0.00000 0.00000 1.00000 -0.83147 0.55557 -0.00000 -0.00000 0.00000 -10.00000 
render14.png 888.88892 0.00000 320.00000 0.00000 888.88892 240.00000 0.00000 0.00000 1.00000 0.38268 0.92388 0.00000 -0.00000 -0.00000 1.00000 -0.92388 0.38268 -0.00000 0.00000 -0.00000 -10.00000 
render15.png 888.88892 0.00000 320.00000 0.00000 888.88892 240.00000 0.00000 0.00000 1.00000 0.19509 0.98079 -0.00000 -0.00000 0.00000 1.00000 -0.98079 0.19509 -0.00000 0.00000 -0.00000 -10.00000 
render16.png 888.88892 0.00000 320.00000 0.00000 888.88892 240.00000 0.00000 0.00000 1.00000 0.00000 1.00000 0.00000 0.00000 -0.00000 1.00000 -1.00000 0.00000 -0.00000 0.00000 0.00000 -10.00000 
render17.png 888.88892 0.00000 320.00000 0.00000 888.88892 240.00000 0.00000 0.00000 1.00000 -0.19509 0.98079 -0.00000 0.00000 0.00000 1.00000 -0.98079 -0.19509 0.00000 0.00000 0.00000 -10.00000 
render18.png 888.88892 0.00000 320.00000 0.00000 888.88892 240.00000 0.00000 0.00000 1.00000 -0.38268 0.92388 0.00000 -0.00000 -0.00000 1.00000 -0.92388 -0.38268 -0.00000 0.00000 -0.00000 -10.00000 
render19.png 888.88892 0.00000 320.00000 0.00000 888.88892 240.00000 0.00000 0.00000 1.00000 -0.55557 0.83147 -0.00000 0.00000 0.00000 1.00000 -0.83147 -0.55557 0.00000 0.00000 0.00000 -10.00000 
render20.png 888.88892 0.00000 320.00000 0.00000 888.88892 240.00000 0.00000 0.00000 1.00000 -0.70711 0.70711 0.00000 0.00000 -0.00000 1.00000 -0.70711 -0.70711 -0.00000 0.00000 -0.00000 -10.00000 
render21.png 888.88892 0.00000 320.00000 0.00000 888.88892 240.00000 0.00000 0.00000 1.00000 -0.83147 0.55557 -0.00000 0.00000 0.00000 1.00000 -0.55557 -0.83147 0.00000 -0.00000 0.00000 -10.00000 
render22.png 888.88892 0.00000 320.00000 0.00000 888.88892 240.00000 0.00000 0.00000 1.00000 -0.92388 0.38268 -0.00000 -0.00000 0.00000 1.00000 -0.38268 -0.92388 0.00000 0.00000 0.00000 -10.00000 
render23.png 888.88892 0.00000 320.00000 0.00000 888.88892 240.00000 0.00000 0.00000 1.00000 -0.98079 0.19509 -0.00000 -0.00000 -0.00000 1.00000 -0.19509 -0.98079 -0.00000 0.00000 -0.00000 -10.00000 
render24.png 888.88892 0.00000 320.00000 0.00000 888.88892 240.00000 0.00000 0.00000 1.00000 -1.00000 0.00000 0.00000 -0.00000 -0.00000 1.00000 -0.00000 -1.00000 -0.00000 0.00000 -0.00000 -10.00000 
render25.png 888.88892 0.00000 320.00000 0.00000 888.88892 240.00000 0.00000 0.00000 1.00000 -0.98079 -0.19509 0.00000 0.00000 -0.00000 1.00000 0.19509 -0.98079 -0.00000 -0.00000 -0.00000 -10.00000 
render26.png 888.88892 0.00000 320.00000 0.00000 888.88892 240.00000 0.00000 0.00000 1.00000 -0.92388 -0.38268 0.00000 0.00000 0.00000 1.00000 0.38268 -0.92388 0.00000 -0.00000 0.00000 -10.00000 
render27.png 888.88892 0.00000 320.00000 0.00000 888.88892 240.00000 0.00000 0.00000 1.00000 -0.83147 -0.55557 0.00000 -0.00000 0.00000 1.00000 0.55557 -0.83147 0.00000 0.00000 0.00000 -10.00000 
render28.png 888.88892 0.00000 320.00000 0.00000 888.88892 240.00000 0.00000 0.00000 1.00000 -0.70711 -0.70711 -0.00000 -0.00000 -0.00000 1.00000 0.70711 -0.70711 -0.00000 -0.00000 -0.00000 -10.00000 
render29.png 888.88892 0.00000 320.00000 0.00000 888.88892 240.00000 0.00000 0.00000 1.00000 -0.55557 -0.83147 0.00000 -0.00000 0.00000 1.00000 0.83147 -0.55557 0.00000 -0.00000 0.00000 -10.00000 
render30.png 888.88892 0.00000 320.00000 0.00000 888.88892 240.00000 0.00000 0.00000 1.00000 -0.38268 -0.92388 -0.00000 0.00000 -0.00000 1.00000 0.92388 -0.38268 -0.00000 -0.00000 -0.00000 -10.00000 
render31.png 888.88892 0.00000 320.00000 0.00000 888.88892 240.00000 0.00000 0.00000 1.00000 -0.19509 -0.98079 0.00000 -0.00000 0.00000 1.00000 0.98079 -0.19509 0.00000 -0.00000 0.00000 -10.00000 
